{
 "cells": [
  {
   "cell_type": "code",
   "execution_count": 3,
   "id": "8653b68b",
   "metadata": {},
   "outputs": [],
   "source": [
    "import pandas as pd\n",
    "import numpy as np\n",
    "import seaborn as sns\n",
    "import matplotlib.pyplot as plt\n"
   ]
  },
  {
   "cell_type": "code",
   "execution_count": 4,
   "id": "e029ddaf",
   "metadata": {},
   "outputs": [],
   "source": [
    "df=pd.read_csv(r'E:\\Data Analysis\\regression-project\\notebooks\\data\\Algerian_forest_fires_dataset_CLEANED.csv')"
   ]
  },
  {
   "cell_type": "code",
   "execution_count": 5,
   "id": "852af5e3",
   "metadata": {},
   "outputs": [],
   "source": [
    "df.drop(['month','day','year'],inplace=True,axis=1)"
   ]
  },
  {
   "cell_type": "code",
   "execution_count": 6,
   "id": "dcbb6a00",
   "metadata": {},
   "outputs": [
    {
     "data": {
      "text/html": [
       "<div>\n",
       "<style scoped>\n",
       "    .dataframe tbody tr th:only-of-type {\n",
       "        vertical-align: middle;\n",
       "    }\n",
       "\n",
       "    .dataframe tbody tr th {\n",
       "        vertical-align: top;\n",
       "    }\n",
       "\n",
       "    .dataframe thead th {\n",
       "        text-align: right;\n",
       "    }\n",
       "</style>\n",
       "<table border=\"1\" class=\"dataframe\">\n",
       "  <thead>\n",
       "    <tr style=\"text-align: right;\">\n",
       "      <th></th>\n",
       "      <th>Temperature</th>\n",
       "      <th>RH</th>\n",
       "      <th>Ws</th>\n",
       "      <th>Rain</th>\n",
       "      <th>FFMC</th>\n",
       "      <th>DMC</th>\n",
       "      <th>DC</th>\n",
       "      <th>ISI</th>\n",
       "      <th>BUI</th>\n",
       "      <th>FWI</th>\n",
       "      <th>Classes</th>\n",
       "      <th>Region</th>\n",
       "    </tr>\n",
       "  </thead>\n",
       "  <tbody>\n",
       "    <tr>\n",
       "      <th>0</th>\n",
       "      <td>29</td>\n",
       "      <td>57</td>\n",
       "      <td>18</td>\n",
       "      <td>0.0</td>\n",
       "      <td>65.7</td>\n",
       "      <td>3.4</td>\n",
       "      <td>7.6</td>\n",
       "      <td>1.3</td>\n",
       "      <td>3.4</td>\n",
       "      <td>0.5</td>\n",
       "      <td>not fire</td>\n",
       "      <td>0</td>\n",
       "    </tr>\n",
       "    <tr>\n",
       "      <th>1</th>\n",
       "      <td>29</td>\n",
       "      <td>61</td>\n",
       "      <td>13</td>\n",
       "      <td>1.3</td>\n",
       "      <td>64.4</td>\n",
       "      <td>4.1</td>\n",
       "      <td>7.6</td>\n",
       "      <td>1.0</td>\n",
       "      <td>3.9</td>\n",
       "      <td>0.4</td>\n",
       "      <td>not fire</td>\n",
       "      <td>0</td>\n",
       "    </tr>\n",
       "    <tr>\n",
       "      <th>2</th>\n",
       "      <td>26</td>\n",
       "      <td>82</td>\n",
       "      <td>22</td>\n",
       "      <td>13.1</td>\n",
       "      <td>47.1</td>\n",
       "      <td>2.5</td>\n",
       "      <td>7.1</td>\n",
       "      <td>0.3</td>\n",
       "      <td>2.7</td>\n",
       "      <td>0.1</td>\n",
       "      <td>not fire</td>\n",
       "      <td>0</td>\n",
       "    </tr>\n",
       "    <tr>\n",
       "      <th>3</th>\n",
       "      <td>25</td>\n",
       "      <td>89</td>\n",
       "      <td>13</td>\n",
       "      <td>2.5</td>\n",
       "      <td>28.6</td>\n",
       "      <td>1.3</td>\n",
       "      <td>6.9</td>\n",
       "      <td>0.0</td>\n",
       "      <td>1.7</td>\n",
       "      <td>0.0</td>\n",
       "      <td>not fire</td>\n",
       "      <td>0</td>\n",
       "    </tr>\n",
       "    <tr>\n",
       "      <th>4</th>\n",
       "      <td>27</td>\n",
       "      <td>77</td>\n",
       "      <td>16</td>\n",
       "      <td>0.0</td>\n",
       "      <td>64.8</td>\n",
       "      <td>3.0</td>\n",
       "      <td>14.2</td>\n",
       "      <td>1.2</td>\n",
       "      <td>3.9</td>\n",
       "      <td>0.5</td>\n",
       "      <td>not fire</td>\n",
       "      <td>0</td>\n",
       "    </tr>\n",
       "  </tbody>\n",
       "</table>\n",
       "</div>"
      ],
      "text/plain": [
       "   Temperature  RH  Ws  Rain  FFMC  DMC    DC  ISI  BUI  FWI      Classes  \\\n",
       "0           29  57  18   0.0  65.7  3.4   7.6  1.3  3.4  0.5  not fire      \n",
       "1           29  61  13   1.3  64.4  4.1   7.6  1.0  3.9  0.4  not fire      \n",
       "2           26  82  22  13.1  47.1  2.5   7.1  0.3  2.7  0.1  not fire      \n",
       "3           25  89  13   2.5  28.6  1.3   6.9  0.0  1.7  0.0  not fire      \n",
       "4           27  77  16   0.0  64.8  3.0  14.2  1.2  3.9  0.5  not fire      \n",
       "\n",
       "   Region  \n",
       "0       0  \n",
       "1       0  \n",
       "2       0  \n",
       "3       0  \n",
       "4       0  "
      ]
     },
     "execution_count": 6,
     "metadata": {},
     "output_type": "execute_result"
    }
   ],
   "source": [
    "df.head()"
   ]
  },
  {
   "cell_type": "code",
   "execution_count": 7,
   "id": "2b8be559",
   "metadata": {},
   "outputs": [],
   "source": [
    "df['Classes']=np.where(df['Classes'].str.contains('not fire'),0,1)"
   ]
  },
  {
   "cell_type": "code",
   "execution_count": 8,
   "id": "e9c9a5c6",
   "metadata": {},
   "outputs": [
    {
     "data": {
      "text/html": [
       "<div>\n",
       "<style scoped>\n",
       "    .dataframe tbody tr th:only-of-type {\n",
       "        vertical-align: middle;\n",
       "    }\n",
       "\n",
       "    .dataframe tbody tr th {\n",
       "        vertical-align: top;\n",
       "    }\n",
       "\n",
       "    .dataframe thead th {\n",
       "        text-align: right;\n",
       "    }\n",
       "</style>\n",
       "<table border=\"1\" class=\"dataframe\">\n",
       "  <thead>\n",
       "    <tr style=\"text-align: right;\">\n",
       "      <th></th>\n",
       "      <th>Temperature</th>\n",
       "      <th>RH</th>\n",
       "      <th>Ws</th>\n",
       "      <th>Rain</th>\n",
       "      <th>FFMC</th>\n",
       "      <th>DMC</th>\n",
       "      <th>DC</th>\n",
       "      <th>ISI</th>\n",
       "      <th>BUI</th>\n",
       "      <th>FWI</th>\n",
       "      <th>Classes</th>\n",
       "      <th>Region</th>\n",
       "    </tr>\n",
       "  </thead>\n",
       "  <tbody>\n",
       "    <tr>\n",
       "      <th>Temperature</th>\n",
       "      <td>1.000000</td>\n",
       "      <td>-0.651400</td>\n",
       "      <td>-0.284510</td>\n",
       "      <td>-0.326492</td>\n",
       "      <td>0.676568</td>\n",
       "      <td>0.485687</td>\n",
       "      <td>0.376284</td>\n",
       "      <td>0.603871</td>\n",
       "      <td>0.459789</td>\n",
       "      <td>0.566670</td>\n",
       "      <td>0.516015</td>\n",
       "      <td>0.269555</td>\n",
       "    </tr>\n",
       "    <tr>\n",
       "      <th>RH</th>\n",
       "      <td>-0.651400</td>\n",
       "      <td>1.000000</td>\n",
       "      <td>0.244048</td>\n",
       "      <td>0.222356</td>\n",
       "      <td>-0.644873</td>\n",
       "      <td>-0.408519</td>\n",
       "      <td>-0.226941</td>\n",
       "      <td>-0.686667</td>\n",
       "      <td>-0.353841</td>\n",
       "      <td>-0.580957</td>\n",
       "      <td>-0.432161</td>\n",
       "      <td>-0.402682</td>\n",
       "    </tr>\n",
       "    <tr>\n",
       "      <th>Ws</th>\n",
       "      <td>-0.284510</td>\n",
       "      <td>0.244048</td>\n",
       "      <td>1.000000</td>\n",
       "      <td>0.171506</td>\n",
       "      <td>-0.166548</td>\n",
       "      <td>-0.000721</td>\n",
       "      <td>0.079135</td>\n",
       "      <td>0.008532</td>\n",
       "      <td>0.031438</td>\n",
       "      <td>0.032368</td>\n",
       "      <td>-0.069964</td>\n",
       "      <td>-0.181160</td>\n",
       "    </tr>\n",
       "    <tr>\n",
       "      <th>Rain</th>\n",
       "      <td>-0.326492</td>\n",
       "      <td>0.222356</td>\n",
       "      <td>0.171506</td>\n",
       "      <td>1.000000</td>\n",
       "      <td>-0.543906</td>\n",
       "      <td>-0.288773</td>\n",
       "      <td>-0.298023</td>\n",
       "      <td>-0.347484</td>\n",
       "      <td>-0.299852</td>\n",
       "      <td>-0.324422</td>\n",
       "      <td>-0.379097</td>\n",
       "      <td>-0.040013</td>\n",
       "    </tr>\n",
       "    <tr>\n",
       "      <th>FFMC</th>\n",
       "      <td>0.676568</td>\n",
       "      <td>-0.644873</td>\n",
       "      <td>-0.166548</td>\n",
       "      <td>-0.543906</td>\n",
       "      <td>1.000000</td>\n",
       "      <td>0.603608</td>\n",
       "      <td>0.507397</td>\n",
       "      <td>0.740007</td>\n",
       "      <td>0.592011</td>\n",
       "      <td>0.691132</td>\n",
       "      <td>0.769492</td>\n",
       "      <td>0.222241</td>\n",
       "    </tr>\n",
       "    <tr>\n",
       "      <th>DMC</th>\n",
       "      <td>0.485687</td>\n",
       "      <td>-0.408519</td>\n",
       "      <td>-0.000721</td>\n",
       "      <td>-0.288773</td>\n",
       "      <td>0.603608</td>\n",
       "      <td>1.000000</td>\n",
       "      <td>0.875925</td>\n",
       "      <td>0.680454</td>\n",
       "      <td>0.982248</td>\n",
       "      <td>0.875864</td>\n",
       "      <td>0.585658</td>\n",
       "      <td>0.192089</td>\n",
       "    </tr>\n",
       "    <tr>\n",
       "      <th>DC</th>\n",
       "      <td>0.376284</td>\n",
       "      <td>-0.226941</td>\n",
       "      <td>0.079135</td>\n",
       "      <td>-0.298023</td>\n",
       "      <td>0.507397</td>\n",
       "      <td>0.875925</td>\n",
       "      <td>1.000000</td>\n",
       "      <td>0.508643</td>\n",
       "      <td>0.941988</td>\n",
       "      <td>0.739521</td>\n",
       "      <td>0.511123</td>\n",
       "      <td>-0.078734</td>\n",
       "    </tr>\n",
       "    <tr>\n",
       "      <th>ISI</th>\n",
       "      <td>0.603871</td>\n",
       "      <td>-0.686667</td>\n",
       "      <td>0.008532</td>\n",
       "      <td>-0.347484</td>\n",
       "      <td>0.740007</td>\n",
       "      <td>0.680454</td>\n",
       "      <td>0.508643</td>\n",
       "      <td>1.000000</td>\n",
       "      <td>0.644093</td>\n",
       "      <td>0.922895</td>\n",
       "      <td>0.735197</td>\n",
       "      <td>0.263197</td>\n",
       "    </tr>\n",
       "    <tr>\n",
       "      <th>BUI</th>\n",
       "      <td>0.459789</td>\n",
       "      <td>-0.353841</td>\n",
       "      <td>0.031438</td>\n",
       "      <td>-0.299852</td>\n",
       "      <td>0.592011</td>\n",
       "      <td>0.982248</td>\n",
       "      <td>0.941988</td>\n",
       "      <td>0.644093</td>\n",
       "      <td>1.000000</td>\n",
       "      <td>0.857973</td>\n",
       "      <td>0.586639</td>\n",
       "      <td>0.089408</td>\n",
       "    </tr>\n",
       "    <tr>\n",
       "      <th>FWI</th>\n",
       "      <td>0.566670</td>\n",
       "      <td>-0.580957</td>\n",
       "      <td>0.032368</td>\n",
       "      <td>-0.324422</td>\n",
       "      <td>0.691132</td>\n",
       "      <td>0.875864</td>\n",
       "      <td>0.739521</td>\n",
       "      <td>0.922895</td>\n",
       "      <td>0.857973</td>\n",
       "      <td>1.000000</td>\n",
       "      <td>0.719216</td>\n",
       "      <td>0.197102</td>\n",
       "    </tr>\n",
       "    <tr>\n",
       "      <th>Classes</th>\n",
       "      <td>0.516015</td>\n",
       "      <td>-0.432161</td>\n",
       "      <td>-0.069964</td>\n",
       "      <td>-0.379097</td>\n",
       "      <td>0.769492</td>\n",
       "      <td>0.585658</td>\n",
       "      <td>0.511123</td>\n",
       "      <td>0.735197</td>\n",
       "      <td>0.586639</td>\n",
       "      <td>0.719216</td>\n",
       "      <td>1.000000</td>\n",
       "      <td>0.162347</td>\n",
       "    </tr>\n",
       "    <tr>\n",
       "      <th>Region</th>\n",
       "      <td>0.269555</td>\n",
       "      <td>-0.402682</td>\n",
       "      <td>-0.181160</td>\n",
       "      <td>-0.040013</td>\n",
       "      <td>0.222241</td>\n",
       "      <td>0.192089</td>\n",
       "      <td>-0.078734</td>\n",
       "      <td>0.263197</td>\n",
       "      <td>0.089408</td>\n",
       "      <td>0.197102</td>\n",
       "      <td>0.162347</td>\n",
       "      <td>1.000000</td>\n",
       "    </tr>\n",
       "  </tbody>\n",
       "</table>\n",
       "</div>"
      ],
      "text/plain": [
       "             Temperature        RH        Ws      Rain      FFMC       DMC  \\\n",
       "Temperature     1.000000 -0.651400 -0.284510 -0.326492  0.676568  0.485687   \n",
       "RH             -0.651400  1.000000  0.244048  0.222356 -0.644873 -0.408519   \n",
       "Ws             -0.284510  0.244048  1.000000  0.171506 -0.166548 -0.000721   \n",
       "Rain           -0.326492  0.222356  0.171506  1.000000 -0.543906 -0.288773   \n",
       "FFMC            0.676568 -0.644873 -0.166548 -0.543906  1.000000  0.603608   \n",
       "DMC             0.485687 -0.408519 -0.000721 -0.288773  0.603608  1.000000   \n",
       "DC              0.376284 -0.226941  0.079135 -0.298023  0.507397  0.875925   \n",
       "ISI             0.603871 -0.686667  0.008532 -0.347484  0.740007  0.680454   \n",
       "BUI             0.459789 -0.353841  0.031438 -0.299852  0.592011  0.982248   \n",
       "FWI             0.566670 -0.580957  0.032368 -0.324422  0.691132  0.875864   \n",
       "Classes         0.516015 -0.432161 -0.069964 -0.379097  0.769492  0.585658   \n",
       "Region          0.269555 -0.402682 -0.181160 -0.040013  0.222241  0.192089   \n",
       "\n",
       "                   DC       ISI       BUI       FWI   Classes    Region  \n",
       "Temperature  0.376284  0.603871  0.459789  0.566670  0.516015  0.269555  \n",
       "RH          -0.226941 -0.686667 -0.353841 -0.580957 -0.432161 -0.402682  \n",
       "Ws           0.079135  0.008532  0.031438  0.032368 -0.069964 -0.181160  \n",
       "Rain        -0.298023 -0.347484 -0.299852 -0.324422 -0.379097 -0.040013  \n",
       "FFMC         0.507397  0.740007  0.592011  0.691132  0.769492  0.222241  \n",
       "DMC          0.875925  0.680454  0.982248  0.875864  0.585658  0.192089  \n",
       "DC           1.000000  0.508643  0.941988  0.739521  0.511123 -0.078734  \n",
       "ISI          0.508643  1.000000  0.644093  0.922895  0.735197  0.263197  \n",
       "BUI          0.941988  0.644093  1.000000  0.857973  0.586639  0.089408  \n",
       "FWI          0.739521  0.922895  0.857973  1.000000  0.719216  0.197102  \n",
       "Classes      0.511123  0.735197  0.586639  0.719216  1.000000  0.162347  \n",
       "Region      -0.078734  0.263197  0.089408  0.197102  0.162347  1.000000  "
      ]
     },
     "execution_count": 8,
     "metadata": {},
     "output_type": "execute_result"
    }
   ],
   "source": [
    "df.corr()"
   ]
  },
  {
   "cell_type": "code",
   "execution_count": 25,
   "id": "fa071d88",
   "metadata": {},
   "outputs": [
    {
     "data": {
      "text/plain": [
       "((243, 11), (243,))"
      ]
     },
     "execution_count": 25,
     "metadata": {},
     "output_type": "execute_result"
    }
   ],
   "source": [
    "X=df.drop('FWI',axis=1)\n",
    "y=df['FWI']\n",
    "X.shape,y.shape"
   ]
  },
  {
   "cell_type": "code",
   "execution_count": 33,
   "id": "f0a13716",
   "metadata": {},
   "outputs": [],
   "source": [
    "from sklearn.model_selection import train_test_split\n",
    "\n",
    "X_train, X_test, y_train, y_test = train_test_split(X, y, test_size=0.25, random_state=42)"
   ]
  },
  {
   "cell_type": "code",
   "execution_count": 34,
   "id": "1223f4d8",
   "metadata": {},
   "outputs": [
    {
     "data": {
      "text/html": [
       "<div>\n",
       "<style scoped>\n",
       "    .dataframe tbody tr th:only-of-type {\n",
       "        vertical-align: middle;\n",
       "    }\n",
       "\n",
       "    .dataframe tbody tr th {\n",
       "        vertical-align: top;\n",
       "    }\n",
       "\n",
       "    .dataframe thead th {\n",
       "        text-align: right;\n",
       "    }\n",
       "</style>\n",
       "<table border=\"1\" class=\"dataframe\">\n",
       "  <thead>\n",
       "    <tr style=\"text-align: right;\">\n",
       "      <th></th>\n",
       "      <th>Temperature</th>\n",
       "      <th>RH</th>\n",
       "      <th>Ws</th>\n",
       "      <th>Rain</th>\n",
       "      <th>FFMC</th>\n",
       "      <th>DMC</th>\n",
       "      <th>DC</th>\n",
       "      <th>ISI</th>\n",
       "      <th>BUI</th>\n",
       "      <th>Classes</th>\n",
       "      <th>Region</th>\n",
       "    </tr>\n",
       "  </thead>\n",
       "  <tbody>\n",
       "    <tr>\n",
       "      <th>Temperature</th>\n",
       "      <td>1.000000</td>\n",
       "      <td>-0.656095</td>\n",
       "      <td>-0.305977</td>\n",
       "      <td>-0.317512</td>\n",
       "      <td>0.694768</td>\n",
       "      <td>0.498173</td>\n",
       "      <td>0.390684</td>\n",
       "      <td>0.629848</td>\n",
       "      <td>0.473609</td>\n",
       "      <td>0.542141</td>\n",
       "      <td>0.254549</td>\n",
       "    </tr>\n",
       "    <tr>\n",
       "      <th>RH</th>\n",
       "      <td>-0.656095</td>\n",
       "      <td>1.000000</td>\n",
       "      <td>0.225736</td>\n",
       "      <td>0.241656</td>\n",
       "      <td>-0.653023</td>\n",
       "      <td>-0.414601</td>\n",
       "      <td>-0.236078</td>\n",
       "      <td>-0.717804</td>\n",
       "      <td>-0.362317</td>\n",
       "      <td>-0.456876</td>\n",
       "      <td>-0.394665</td>\n",
       "    </tr>\n",
       "    <tr>\n",
       "      <th>Ws</th>\n",
       "      <td>-0.305977</td>\n",
       "      <td>0.225736</td>\n",
       "      <td>1.000000</td>\n",
       "      <td>0.251932</td>\n",
       "      <td>-0.190076</td>\n",
       "      <td>0.000379</td>\n",
       "      <td>0.096576</td>\n",
       "      <td>-0.023558</td>\n",
       "      <td>0.035633</td>\n",
       "      <td>-0.082570</td>\n",
       "      <td>-0.199969</td>\n",
       "    </tr>\n",
       "    <tr>\n",
       "      <th>Rain</th>\n",
       "      <td>-0.317512</td>\n",
       "      <td>0.241656</td>\n",
       "      <td>0.251932</td>\n",
       "      <td>1.000000</td>\n",
       "      <td>-0.545491</td>\n",
       "      <td>-0.289754</td>\n",
       "      <td>-0.302341</td>\n",
       "      <td>-0.345707</td>\n",
       "      <td>-0.300964</td>\n",
       "      <td>-0.369357</td>\n",
       "      <td>-0.059022</td>\n",
       "    </tr>\n",
       "    <tr>\n",
       "      <th>FFMC</th>\n",
       "      <td>0.694768</td>\n",
       "      <td>-0.653023</td>\n",
       "      <td>-0.190076</td>\n",
       "      <td>-0.545491</td>\n",
       "      <td>1.000000</td>\n",
       "      <td>0.620807</td>\n",
       "      <td>0.524101</td>\n",
       "      <td>0.750799</td>\n",
       "      <td>0.607210</td>\n",
       "      <td>0.781259</td>\n",
       "      <td>0.249514</td>\n",
       "    </tr>\n",
       "    <tr>\n",
       "      <th>DMC</th>\n",
       "      <td>0.498173</td>\n",
       "      <td>-0.414601</td>\n",
       "      <td>0.000379</td>\n",
       "      <td>-0.289754</td>\n",
       "      <td>0.620807</td>\n",
       "      <td>1.000000</td>\n",
       "      <td>0.868647</td>\n",
       "      <td>0.685656</td>\n",
       "      <td>0.983175</td>\n",
       "      <td>0.617273</td>\n",
       "      <td>0.212582</td>\n",
       "    </tr>\n",
       "    <tr>\n",
       "      <th>DC</th>\n",
       "      <td>0.390684</td>\n",
       "      <td>-0.236078</td>\n",
       "      <td>0.096576</td>\n",
       "      <td>-0.302341</td>\n",
       "      <td>0.524101</td>\n",
       "      <td>0.868647</td>\n",
       "      <td>1.000000</td>\n",
       "      <td>0.513701</td>\n",
       "      <td>0.942414</td>\n",
       "      <td>0.543581</td>\n",
       "      <td>-0.060838</td>\n",
       "    </tr>\n",
       "    <tr>\n",
       "      <th>ISI</th>\n",
       "      <td>0.629848</td>\n",
       "      <td>-0.717804</td>\n",
       "      <td>-0.023558</td>\n",
       "      <td>-0.345707</td>\n",
       "      <td>0.750799</td>\n",
       "      <td>0.685656</td>\n",
       "      <td>0.513701</td>\n",
       "      <td>1.000000</td>\n",
       "      <td>0.643818</td>\n",
       "      <td>0.742977</td>\n",
       "      <td>0.296441</td>\n",
       "    </tr>\n",
       "    <tr>\n",
       "      <th>BUI</th>\n",
       "      <td>0.473609</td>\n",
       "      <td>-0.362317</td>\n",
       "      <td>0.035633</td>\n",
       "      <td>-0.300964</td>\n",
       "      <td>0.607210</td>\n",
       "      <td>0.983175</td>\n",
       "      <td>0.942414</td>\n",
       "      <td>0.643818</td>\n",
       "      <td>1.000000</td>\n",
       "      <td>0.612239</td>\n",
       "      <td>0.114897</td>\n",
       "    </tr>\n",
       "    <tr>\n",
       "      <th>Classes</th>\n",
       "      <td>0.542141</td>\n",
       "      <td>-0.456876</td>\n",
       "      <td>-0.082570</td>\n",
       "      <td>-0.369357</td>\n",
       "      <td>0.781259</td>\n",
       "      <td>0.617273</td>\n",
       "      <td>0.543581</td>\n",
       "      <td>0.742977</td>\n",
       "      <td>0.612239</td>\n",
       "      <td>1.000000</td>\n",
       "      <td>0.188837</td>\n",
       "    </tr>\n",
       "    <tr>\n",
       "      <th>Region</th>\n",
       "      <td>0.254549</td>\n",
       "      <td>-0.394665</td>\n",
       "      <td>-0.199969</td>\n",
       "      <td>-0.059022</td>\n",
       "      <td>0.249514</td>\n",
       "      <td>0.212582</td>\n",
       "      <td>-0.060838</td>\n",
       "      <td>0.296441</td>\n",
       "      <td>0.114897</td>\n",
       "      <td>0.188837</td>\n",
       "      <td>1.000000</td>\n",
       "    </tr>\n",
       "  </tbody>\n",
       "</table>\n",
       "</div>"
      ],
      "text/plain": [
       "             Temperature        RH        Ws      Rain      FFMC       DMC  \\\n",
       "Temperature     1.000000 -0.656095 -0.305977 -0.317512  0.694768  0.498173   \n",
       "RH             -0.656095  1.000000  0.225736  0.241656 -0.653023 -0.414601   \n",
       "Ws             -0.305977  0.225736  1.000000  0.251932 -0.190076  0.000379   \n",
       "Rain           -0.317512  0.241656  0.251932  1.000000 -0.545491 -0.289754   \n",
       "FFMC            0.694768 -0.653023 -0.190076 -0.545491  1.000000  0.620807   \n",
       "DMC             0.498173 -0.414601  0.000379 -0.289754  0.620807  1.000000   \n",
       "DC              0.390684 -0.236078  0.096576 -0.302341  0.524101  0.868647   \n",
       "ISI             0.629848 -0.717804 -0.023558 -0.345707  0.750799  0.685656   \n",
       "BUI             0.473609 -0.362317  0.035633 -0.300964  0.607210  0.983175   \n",
       "Classes         0.542141 -0.456876 -0.082570 -0.369357  0.781259  0.617273   \n",
       "Region          0.254549 -0.394665 -0.199969 -0.059022  0.249514  0.212582   \n",
       "\n",
       "                   DC       ISI       BUI   Classes    Region  \n",
       "Temperature  0.390684  0.629848  0.473609  0.542141  0.254549  \n",
       "RH          -0.236078 -0.717804 -0.362317 -0.456876 -0.394665  \n",
       "Ws           0.096576 -0.023558  0.035633 -0.082570 -0.199969  \n",
       "Rain        -0.302341 -0.345707 -0.300964 -0.369357 -0.059022  \n",
       "FFMC         0.524101  0.750799  0.607210  0.781259  0.249514  \n",
       "DMC          0.868647  0.685656  0.983175  0.617273  0.212582  \n",
       "DC           1.000000  0.513701  0.942414  0.543581 -0.060838  \n",
       "ISI          0.513701  1.000000  0.643818  0.742977  0.296441  \n",
       "BUI          0.942414  0.643818  1.000000  0.612239  0.114897  \n",
       "Classes      0.543581  0.742977  0.612239  1.000000  0.188837  \n",
       "Region      -0.060838  0.296441  0.114897  0.188837  1.000000  "
      ]
     },
     "execution_count": 34,
     "metadata": {},
     "output_type": "execute_result"
    }
   ],
   "source": [
    "X_train.corr()"
   ]
  },
  {
   "cell_type": "markdown",
   "id": "e37b91f5",
   "metadata": {},
   "source": [
    "## Feature Selection \n",
    "\n",
    "multicolinairity : which means in independent  columns correlation value is high then it's called multicolinarity\n",
    "\n",
    "so we remove one of this columns for better accuracy because one of both is enough for predict O/P"
   ]
  },
  {
   "cell_type": "code",
   "execution_count": 12,
   "id": "51ea3e78",
   "metadata": {},
   "outputs": [
    {
     "data": {
      "text/plain": [
       "<Axes: >"
      ]
     },
     "execution_count": 12,
     "metadata": {},
     "output_type": "execute_result"
    },
    {
     "data": {
